d     DFS        BFS        A*(h1)     A*(h2)     DFS BF     BFS BF     A*(h1) BF  A*(h2) BF 
-----------------------------------------------------------------------------------------------
4     56         42         18         14         1.04       2.21       1.70       1.57      
6     102152     91         34         28         inf        1.88       1.53       1.47      
8     48142      394        58         53         inf        1.93       1.44       1.42      
10    180521     1399       171        126        inf        1.92       1.50       1.45      
12    178439     2358       355        259        inf        1.78       1.49       1.44      
14    140193     7253       1056       937        inf        1.78       1.52       1.51      
16    179189     12881      4234       3475       inf        1.71       1.58       1.56      
-----------------------------------------------------------------------------------------------
